1.00 2.00 0.00 4.00
1.00 4.00 8.00 11.00
1.00 5.00 19.00 21.00
1.00 0.00 26.00 27.00
1.00 2.00 30.00 31.00
1.00 2.00 31.00 37.00
1.00 1.00 0.00 6.00
1.00 2.00 8.00 9.00
1.00 0.00 9.00 11.00
1.00 3.00 11.00 17.00
1.00 0.00 17.00 18.00
1.00 1.00 6.00 12.00
1.00 2.00 17.00 21.00
1.00 0.00 24.00 25.00
1.00 2.00 25.00 29.00
1.00 4.00 29.00 34.00
1.00 0.00 0.00 1.00
1.00 1.00 30.00 36.00
1.00 2.00 37.00 38.00
1.00 1.00 38.00 39.00
1.00 5.00 39.00 41.00
1.00 4.00 0.00 3.00
1.00 0.00 3.00 4.00
1.00 1.00 12.00 18.00
1.00 0.00 18.00 23.00
1.00 3.00 23.00 29.00
1.00 5.00 29.00 35.00
1.00 5.00 3.00 5.00
1.00 0.00 5.00 7.00
1.00 2.00 9.00 13.00
1.00 1.00 18.00 24.00
1.00 0.00 25.00 26.00
1.00 0.00 27.00 30.00
1.00 5.00 11.00 12.00
1.00 0.00 13.00 16.00
1.00 5.00 21.00 27.00
1.00 4.00 27.00 28.00
1.00 2.00 29.00 30.00
1.00 2.00 4.00 8.00
1.00 5.00 12.00 18.00
1.00 0.00 23.00 24.00
1.00 1.00 24.00 30.00
1.00 3.00 35.00 41.00
1.00 5.00 2.00 3.00
1.00 4.00 3.00 8.00
1.00 3.00 8.00 11.00
1.00 0.00 11.00 13.00
1.00 2.00 13.00 17.00
1.00 3.00 17.00 23.00
1.00 5.00 0.00 2.00
1.00 5.00 5.00 11.00
1.00 4.00 11.00 14.00
1.00 5.00 18.00 19.00
1.00 3.00 29.00 35.00
1.00 0.00 35.00 38.00
==========
10	6	2

 6  2 1 5 3 4 3 5 3 3 5 2 1 2 3 4 6 2 3 6 5 2 6 1 1 1 3 1 3 6 6 3 6 4 3  

 5  1 2 6 1 3 1 1 1 2 2 2 6 4 6 3 6 5 2 6 1 1 

 5  1 2 6 2 3 4 6 2 3 6 5 2 6 1 1 3 3 4 2 6 6 6 2 1 1 5 5 

 5  3 6 5 2 6 1 1 1 2 6 1 3 1 3 5 3 3 5 2 1 2 3 4 6 2

 6  3 5 3 3 5 2 1 3 6 5 2 6 1 1 1 2 6 2 1 5 3 4 2 2 6 4 6 3 3 4 2 6 6 6

 6  2 3 4 6 2 1 1 2 3 3 4 2 6 6 6 1 2 6 3 6 5 2 6 1 1 2 1 3 4 2

 5  1 6 1 2 1 3 4 2 3 3 4 2 6 6 6 3 2 6 5 1 1 6 1 3 1

 5  2 3 4 6 2 3 3 4 2 6 6 6 3 6 5 2 6 1 1 1 2 6 2 2 6 4 6

 6  1 6 1 2 1 1 5 5 3 6 6 3 6 4 3 1 1 2 3 3 4 2 6 6 6 2 2 6 4 6

 6  2 3 4 6 2 3 3 4 2 6 6 6 3 5 3 3 5 2 1 1 6 1 2 2 6 4 6 2 1 3 4 2 



