1.00 4.00 2.00 5.00
1.00 5.00 8.00 13.00
1.00 0.00 13.00 14.00
1.00 1.00 16.00 22.00
1.00 5.00 22.00 25.00
1.00 2.00 25.00 27.00
1.00 0.00 1.00 4.00
1.00 4.00 5.00 11.00
1.00 4.00 11.00 13.00
1.00 2.00 14.00 17.00
1.00 2.00 20.00 22.00
1.00 3.00 27.00 32.00
1.00 0.00 0.00 1.00
1.00 0.00 6.00 8.00
1.00 2.00 8.00 10.00
1.00 0.00 18.00 22.00
1.00 2.00 22.00 25.00
1.00 4.00 28.00 31.00
1.00 4.00 0.00 2.00
1.00 3.00 3.00 5.00
1.00 1.00 10.00 16.00
1.00 2.00 17.00 20.00
1.00 3.00 20.00 25.00
1.00 2.00 30.00 33.00
1.00 1.00 0.00 4.00
1.00 3.00 5.00 10.00
1.00 3.00 10.00 13.00
1.00 5.00 19.00 22.00
1.00 3.00 25.00 27.00
1.00 2.00 27.00 30.00
1.00 5.00 0.00 3.00
1.00 5.00 3.00 8.00
1.00 5.00 13.00 16.00
1.00 0.00 16.00 18.00
1.00 1.00 22.00 28.00
1.00 5.00 28.00 29.00
1.00 0.00 8.00 13.00
1.00 4.00 13.00 15.00
1.00 4.00 15.00 18.00
1.00 0.00 26.00 29.00
1.00 0.00 29.00 33.00
1.00 2.00 0.00 3.00
1.00 2.00 3.00 8.00
1.00 0.00 14.00 16.00
1.00 5.00 16.00 19.00
1.00 0.00 22.00 26.00
1.00 5.00 30.00 31.00
1.00 1.00 4.00 10.00
1.00 2.00 10.00 14.00
1.00 4.00 18.00 24.00
1.00 4.00 24.00 28.00
1.00 1.00 28.00 32.00
1.00 3.00 0.00 3.00
1.00 0.00 4.00 6.00
1.00 3.00 13.00 19.00
1.00 3.00 19.00 20.00
1.00 5.00 25.00 28.00
1.00 5.00 29.00 30.00
==========
10	6	3.5

 6  6 3 3 4 5 1 3 6 6 2 2 5 3 2 6 5 3 4 6 1 1 5 6 3 3 4 3 2 6 6 5 1 2 6 2 6 3 5 6 3 3 2 2 1 5 4 

 6  5 6 1 5 6 1 3 2 4 4 2 2 6 3 5 6 1 5 2 2 2 4 3 3 3 3 2 2 1 5 4 6 3 3 4 5 1 3 6 6 2 2 5 3

 6  6 1 1 5 6 3 3 4 3 2 6 6 5 6 5 3 4 6 2 4 6 6 3 6 1 2 3 3 2 2 1 5 4 5 3 5 1 4 2 3 6 3 5 2 6 4 1 1 5 2 4 5 5 3 3 6 3 5 6 3 1 4 4 6 3 6 5 3 

 6  5 3 5 1 4 2 3 6 3 5 2 5 6 1 5 6 1 3 2 4 4 2 1 2 6 6 1 1 5 6 3 3 4 3 2 6 6 5 5 1 4 4 5 2 3 6 3 5 4 6 4 1 1 5 2 4 5 5 3 3 6 3 

 6  6 5 3 4 6 2 4 6 6 3 6 1 2 5 1 4 4 5 2 3 6 3 5 4 1 4 3 5 6 3 1 4 4 6 3 6 5 3 5 6 1 5 6 1 3 2 4 4 2 2 2 4 3 3

 6  5 6 3 1 4 4 6 3 6 5 3 2 6 5 3 4 5 3 5 1 4 2 3 6 3 5 2 6 5 3 4 6 2 4 6 6 3 6 1 2 1 2 6 5 6 1 5 6 1 3 2 4 4 2  

 5  6 4 1 1 5 2 4 5 5 3 3 6 3 1 5 2 6 5 3 4 6 2 4 6 6 3 6 1 2 6 3 3 4 5 1 3 6 6 2 2 5 3 5 6 3 1 4 4 6 3 6 5 3

 6  2 2 4 3 3 5 3 5 1 4 2 3 6 3 5 2 6 5 3 4 6 2 4 6 6 3 6 1 2 5 6 3 1 4 4 6 3 6 5 3 5 1 4 4 5 2 3 6 3 5 4 5 6 1 5 6 1 3 2 4 4 2 

 5  1 2 6 2 6 5 3 4 5 6 1 5 6 1 3 2 4 4 2 5 1 4 4 5 2 3 6 3 5 4 2 2 4 3 3

 6  1 4 3 6 5 3 4 6 2 4 6 6 3 6 1 2 5 6 3 1 4 4 6 3 6 5 3 6 4 1 1 5 2 4 5 5 3 3 6 3 2 6 3 5 6 5 6 1 5 6 1 3 2 4 4 2  

