1.00 3.00 0.00 5.00
1.00 3.00 5.00 10.00
1.00 5.00 15.00 26.00
1.00 1.00 29.00 30.00
1.00 4.00 43.00 49.00
1.00 4.00 51.00 53.00
1.00 4.00 53.00 55.00
1.00 0.00 136.00 153.00
1.00 4.00 153.00 163.00
1.00 7.00 164.00 183.00
1.00 6.00 0.00 3.00
1.00 0.00 17.00 34.00
1.00 1.00 34.00 35.00
1.00 1.00 35.00 45.00
1.00 1.00 45.00 63.00
1.00 6.00 91.00 104.00
1.00 6.00 119.00 134.00
1.00 6.00 134.00 136.00
1.00 7.00 137.00 140.00
1.00 7.00 140.00 159.00
1.00 4.00 10.00 15.00
1.00 1.00 15.00 16.00
1.00 3.00 21.00 26.00
1.00 4.00 26.00 32.00
1.00 5.00 37.00 50.00
1.00 7.00 59.00 78.00
1.00 1.00 91.00 109.00
1.00 7.00 119.00 137.00
1.00 0.00 170.00 187.00
1.00 1.00 187.00 188.00
1.00 2.00 14.00 32.00
1.00 4.00 32.00 37.00
1.00 3.00 41.00 52.00
1.00 3.00 52.00 63.00
1.00 6.00 76.00 89.00
1.00 6.00 89.00 91.00
1.00 4.00 95.00 97.00
1.00 2.00 104.00 120.00
1.00 0.00 153.00 170.00
1.00 4.00 170.00 176.00
1.00 6.00 3.00 16.00
1.00 7.00 21.00 40.00
1.00 4.00 49.00 51.00
1.00 4.00 55.00 74.00
1.00 3.00 77.00 88.00
1.00 4.00 88.00 95.00
1.00 3.00 120.00 125.00
1.00 4.00 130.00 136.00
1.00 4.00 148.00 153.00
1.00 7.00 159.00 164.00
1.00 1.00 10.00 11.00
1.00 6.00 19.00 32.00
1.00 3.00 36.00 41.00
1.00 7.00 41.00 59.00
1.00 2.00 59.00 72.00
1.00 2.00 72.00 86.00
1.00 3.00 99.00 110.00
1.00 3.00 110.00 115.00
1.00 5.00 141.00 144.00
1.00 2.00 146.00 149.00
1.00 1.00 0.00 10.00
1.00 3.00 10.00 21.00
1.00 1.00 28.00 29.00
1.00 0.00 85.00 102.00
1.00 6.00 104.00 117.00
1.00 6.00 117.00 119.00
1.00 4.00 126.00 128.00
1.00 2.00 133.00 146.00
1.00 3.00 156.00 161.00
1.00 5.00 165.00 167.00
1.00 5.00 0.00 2.00
1.00 0.00 51.00 68.00
1.00 3.00 72.00 77.00
1.00 5.00 82.00 97.00
1.00 4.00 97.00 107.00
1.00 5.00 110.00 123.00
1.00 3.00 125.00 136.00
1.00 1.00 145.00 146.00
1.00 2.00 149.00 167.00
1.00 2.00 167.00 170.00
1.00 0.00 0.00 17.00
1.00 1.00 17.00 27.00
1.00 2.00 32.00 48.00
1.00 5.00 50.00 52.00
1.00 6.00 60.00 73.00
1.00 7.00 78.00 81.00
1.00 4.00 81.00 83.00
1.00 1.00 90.00 91.00
1.00 1.00 109.00 127.00
1.00 3.00 136.00 141.00
1.00 0.00 34.00 51.00
1.00 5.00 52.00 67.00
1.00 3.00 67.00 72.00
1.00 1.00 72.00 90.00
1.00 5.00 97.00 110.00
1.00 3.00 115.00 120.00
1.00 5.00 123.00 126.00
1.00 6.00 136.00 151.00
1.00 6.00 151.00 154.00
1.00 1.00 157.00 167.00
1.00 1.00 11.00 12.00
1.00 5.00 13.00 15.00
1.00 6.00 16.00 19.00
1.00 3.00 31.00 36.00
1.00 4.00 37.00 43.00
1.00 0.00 119.00 136.00
1.00 4.00 136.00 141.00
1.00 3.00 141.00 146.00
1.00 1.00 146.00 156.00
1.00 3.00 161.00 172.00
1.00 7.00 0.00 3.00
1.00 7.00 3.00 21.00
1.00 5.00 26.00 37.00
1.00 0.00 68.00 85.00
1.00 3.00 88.00 99.00
1.00 7.00 100.00 119.00
1.00 4.00 128.00 130.00
1.00 4.00 143.00 148.00
1.00 6.00 154.00 169.00
1.00 1.00 169.00 170.00
1.00 4.00 0.00 10.00
1.00 4.00 17.00 19.00
1.00 3.00 26.00 31.00
1.00 1.00 31.00 32.00
1.00 5.00 67.00 82.00
1.00 7.00 82.00 100.00
1.00 4.00 107.00 126.00
1.00 1.00 127.00 145.00
1.00 5.00 162.00 165.00
1.00 5.00 167.00 180.00
1.00 5.00 2.00 13.00
1.00 4.00 15.00 17.00
1.00 1.00 27.00 28.00
1.00 1.00 30.00 31.00
1.00 4.00 74.00 80.00
1.00 2.00 86.00 104.00
1.00 5.00 126.00 141.00
1.00 4.00 141.00 143.00
1.00 5.00 144.00 162.00
1.00 0.00 187.00 204.00
1.00 2.00 0.00 14.00
1.00 4.00 19.00 25.00
1.00 6.00 32.00 45.00
1.00 6.00 45.00 60.00
1.00 6.00 73.00 76.00
1.00 0.00 102.00 119.00
1.00 2.00 120.00 133.00
1.00 3.00 146.00 151.00
1.00 3.00 151.00 156.00
1.00 1.00 156.00 157.00
==========
15	8	3

10  4 7 15 8 11 4 5 5 19 2 3 18 4 5 4 8 18 7 3 6 11 3 16 4 5 7 2 1 7 2 3 19 2 5 6 6 3 3 4 5 5 2 8 18 1 5 2 1 1 17 5 5 10 2 10 1 12 8 5 3 14 3 7 15 6 2 8 19 

10  4 8 18 7 3 6 11 3 16 1 1 17 2 2 1 4 13 5 5 10 2 10 1 12 8 5 3 14 5 4 11 1 9 2 18 6 18 3 13 2 6 15 7 13 4 7 15 8 11 4 5 5 19 4 5 7 2 1 7 2 3 19 4 4 11 1 7 6 13 8 3 3 7 15 6 2 8 19 

10  2 3 3 5 5 4 5 7 2 1 7 2 3 19 2 3 18 4 5 2 5 6 6 3 4 4 11 1 7 6 13 8 3 3 7 15 6 2 8 19 5 4 11 1 9 2 18 6 18 3 13 3 4 5 5 2 8 18 1 1 17 2 2 1 4 13

10  2 3 18 4 5 2 3 3 5 5 5 4 11 1 9 2 18 6 18 3 13 4 4 11 1 7 6 13 8 3 2 6 15 7 13 4 5 7 2 1 7 2 3 19 1 5 2 4 8 18 7 3 6 11 3 16 1 1 17 2 5 6 6 3 

10  2 6 15 7 13 3 7 15 6 2 8 19 1 5 2 4 7 15 8 11 4 5 5 19  5 4 11 1 9 2 18 6 18 3 13 4 5 7 2 1 7 2 3 19 3 4 5 5 2 8 18 2 5 6 6 3 2 3 3 5 5 5 5 10 2 10 1 12 8 5 3 14

10  2 2 1 4 13 2 6 15 7 13 2 3 18 4 5 4 8 18 7 3 6 11 3 16 5 4 11 1 9 2 18 6 18 3 13 5 5 10 2 10 1 12 8 5 3 14 4 4 11 1 7 6 13 8 3 4 7 15 8 11 4 5 5 19 2 5 6 6 3 2 3 3 5 5

10  5 5 10 2 10 1 12 8 5 3 14 4 4 11 1 7 6 13 8 3 2 2 1 4 13 1 1 17 2 6 15 7 13 4 5 7 2 1 7 2 3 19 1 5 2 5 4 11 1 9 2 18 6 18 3 13 2 3 18 4 5 3 7 15 6 2 8 19

10  3 7 15 6 2 8 19 1 1 17 4 7 15 8 11 4 5 5 19 2 6 15 7 13 5 5 10 2 10 1 12 8 5 3 14 4 4 11 1 7 6 13 8 3 5 4 11 1 9 2 18 6 18 3 13 2 2 1 4 13 2 3 18 4 5 2 3 3 5 5 

10  1 1 17 5 5 10 2 10 1 12 8 5 3 14 4 8 18 7 3 6 11 3 16 3 7 15 6 2 8 19 2 6 15 7 13 4 4 11 1 7 6 13 8 3 1 5 2 2 2 1 4 13 5 4 11 1 9 2 18 6 18 3 13 4 7 15 8 11 4 5 5 19

10  1 1 17 2 6 15 7 13 3 4 5 5 2 8 18 5 4 11 1 9 2 18 6 18 3 13 4 4 11 1 7 6 13 8 3 2 3 18 4 5 2 5 6 6 3 3 7 15 6 2 8 19 4 8 18 7 3 6 11 3 16 5 5 10 2 10 1 12 8 5 3 14

10  2 2 1 4 13 3 7 15 6 2 8 19 4 8 18 7 3 6 11 3 16 2 3 18 4 5 2 5 6 6 3 1 1 17 2 3 3 5 5 3 4 5 5 2 8 18 5 5 10 2 10 1 12 8 5 3 14 5 4 11 1 9 2 18 6 18 3 13

10  4 4 11 1 7 6 13 8 3 3 4 5 5 2 8 18 4 8 18 7 3 6 11 3 16 1 1 17 5 4 11 1 9 2 18 6 18 3 13 3 7 15 6 2 8 19 1 5 2 2 3 3 5 5 4 7 15 8 11 4 5 5 19 2 2 1 4 13 

10  5 5 10 2 10 1 12 8 5 3 14 1 5 2 2 3 18 4 5 4 5 7 2 1 7 2 3 19 2 6 15 7 13 4 8 18 7 3 6 11 3 16 4 7 15 8 11 4 5 5 19 5 4 11 1 9 2 18 6 18 3 13 2 5 6 6 3 4 4 11 1 7 6 13 8 3

10  4 8 18 7 3 6 11 3 16 3 4 5 5 2 8 18 2 2 1 4 13 4 5 7 2 1 7 2 3 19 2 5 6 6 3 2 3 18 4 5 2 6 15 7 13 1 5 2 5 4 11 1 9 2 18 6 18 3 13 1 1 17

10  5 5 10 2 10 1 12 8 5 3 14 2 5 6 6 3 2 6 15 7 13 4 7 15 8 11 4 5 5 19 4 8 18 7 3 6 11 3 16 1 1 17 5 4 11 1 9 2 18 6 18 3 13 3 4 5 5 2 8 18 2 3 18 4 5 4 5 7 2 1 7 2 3 19    																																																																																																																																				

