1.00 0.00 6.00 12.00
1.00 0.00 18.00 24.00
1.00 5.00 25.00 32.00
1.00 6.00 33.00 38.00
1.00 7.00 39.00 48.00
1.00 1.00 48.00 51.00
1.00 4.00 51.00 56.00
1.00 3.00 56.00 63.00
1.00 5.00 2.00 3.00
1.00 5.00 6.00 7.00
1.00 0.00 24.00 30.00
1.00 5.00 34.00 41.00
1.00 1.00 41.00 44.00
1.00 5.00 44.00 46.00
1.00 6.00 56.00 58.00
1.00 5.00 3.00 4.00
1.00 1.00 4.00 7.00
1.00 2.00 7.00 9.00
1.00 3.00 12.00 14.00
1.00 2.00 49.00 56.00
1.00 2.00 63.00 64.00
1.00 6.00 2.00 4.00
1.00 0.00 12.00 18.00
1.00 6.00 24.00 33.00
1.00 5.00 47.00 54.00
1.00 4.00 56.00 63.00
1.00 6.00 0.00 2.00
1.00 6.00 4.00 13.00
1.00 3.00 14.00 18.00
1.00 2.00 19.00 28.00
1.00 2.00 28.00 35.00
1.00 1.00 35.00 38.00
1.00 4.00 38.00 45.00
1.00 5.00 0.00 2.00
1.00 2.00 2.00 3.00
1.00 2.00 3.00 5.00
1.00 5.00 5.00 6.00
1.00 3.00 7.00 12.00
1.00 7.00 12.00 21.00
1.00 2.00 35.00 42.00
1.00 5.00 43.00 44.00
1.00 0.00 54.00 60.00
1.00 4.00 7.00 12.00
1.00 2.00 12.00 19.00
1.00 3.00 29.00 36.00
1.00 5.00 41.00 43.00
1.00 5.00 54.00 61.00
1.00 3.00 2.00 7.00
1.00 4.00 12.00 17.00
1.00 1.00 17.00 20.00
1.00 5.00 23.00 25.00
1.00 5.00 32.00 33.00
1.00 6.00 45.00 54.00
1.00 0.00 0.00 6.00
1.00 6.00 15.00 24.00
1.00 3.00 25.00 29.00
1.00 7.00 30.00 39.00
1.00 6.00 40.00 45.00
1.00 5.00 46.00 47.00
1.00 6.00 54.00 56.00
1.00 2.00 56.00 63.00
1.00 1.00 63.00 66.00
1.00 5.00 9.00 16.00
1.00 0.00 30.00 36.00
1.00 6.00 38.00 40.00
1.00 3.00 42.00 47.00
1.00 0.00 60.00 66.00
1.00 7.00 0.00 9.00
1.00 0.00 42.00 48.00
1.00 3.00 48.00 56.00
1.00 6.00 60.00 65.00
1.00 3.00 0.00 2.00
1.00 5.00 4.00 5.00
1.00 0.00 36.00 42.00
1.00 2.00 42.00 49.00
1.00 7.00 49.00 58.00
1.00 6.00 58.00 60.00
1.00 5.00 7.00 9.00
1.00 2.00 9.00 10.00
1.00 3.00 18.00 25.00
1.00 4.00 25.00 30.00
1.00 5.00 16.00 23.00
1.00 5.00 33.00 34.00
1.00 3.00 36.00 38.00
1.00 4.00 0.00 7.00
1.00 6.00 13.00 15.00
1.00 7.00 21.00 30.00
1.00 1.00 30.00 33.00
1.00 3.00 38.00 42.00
1.00 0.00 48.00 54.00
==========
15	8	2

8  1 1 6 2 1 6 7 9 2 6 7 3 1 2 4 2 7 5 3 1 8 3 9 8 9 3 2 3 4 8 3 2 2 5 5 6 7 2 6 1 4 7

7  1 6 1 2 6 1 4 7 1 1 6 2 6 7 3 1 3 2 3 4 8 3 2 1 6 2 1 7 2 

6  1 6 1 3 2 3 4 8 3 2 3 3 2 7 1 4 4 2 4 2 7 5 2 1 7 3 7 2 4 4 3 1 

5  1 7 2 1 1 6 2 1 6 7 9 2 6 7 3 1 2 4 5 5 7 

7  1 7 2 2 1 6 7 9 2 4 4 3 1 3 1 8 3 9 8 9 2 1 7 3 7 3 2 3 4 8 3 2 2 4 5 5 7 

9  1 6 2 2 4 4 3 1 3 3 2 7 1 4 4 2 6 1 4 7 2 4 5 5 7 3 1 8 3 9 8 9 2 1 7 3 7 1 6 1 2 1 6 7 9 

5  2 5 5 6 7 2 1 7 3 7 2 6 1 4 7 1 6 2 2 6 7 3 1  

6  2 4 5 5 7 2 5 5 6 7 3 2 3 4 8 3 2 1 6 2 1 6 1 2 1 6 7 9 

9  1 1 6 2 1 6 7 9 2 4 4 3 1 3 1 8 3 9 8 9 2 4 2 7 5 2 6 1 4 7 1 7 2 2 1 7 3 7 3 2 3 4 8 3 2

5  2 5 5 6 7 1 1 6 1 7 2 2 4 5 5 7 2 1 6 7 9  

4  3 1 8 3 9 8 9 1 1 6 3 2 3 4 8 3 2 2 4 2 7 5  

6  2 4 2 7 5 1 6 1 1 1 6 2 1 7 3 7 3 1 8 3 9 8 9 1 7 2 

4  1 6 2 2 6 7 3 1 2 6 1 4 7 2 5 5 6 7 

3  2 5 5 6 7 1 6 1 2 4 2 7 5  

6  2 4 5 5 7 1 7 2 3 1 8 3 9 8 9 3 2 3 4 8 3 2 3 3 2 7 1 4 4 1 1 6 

