1.00 1.00 36.00 43.00
1.00 0.00 99.00 107.00
1.00 1.00 108.00 113.00
1.00 2.00 117.00 124.00
1.00 3.00 138.00 143.00
1.00 3.00 171.00 176.00
1.00 2.00 69.00 76.00
1.00 1.00 79.00 84.00
1.00 3.00 85.00 91.00
1.00 1.00 119.00 125.00
1.00 1.00 166.00 172.00
1.00 2.00 8.00 17.00
1.00 1.00 24.00 31.00
1.00 0.00 34.00 39.00
1.00 0.00 73.00 81.00
1.00 1.00 84.00 89.00
1.00 3.00 91.00 97.00
1.00 1.00 102.00 108.00
1.00 2.00 171.00 177.00
1.00 0.00 29.00 34.00
1.00 3.00 48.00 55.00
1.00 3.00 63.00 71.00
1.00 3.00 71.00 79.00
1.00 1.00 113.00 119.00
1.00 1.00 149.00 155.00
1.00 3.00 155.00 161.00
1.00 0.00 89.00 94.00
1.00 1.00 95.00 102.00
1.00 3.00 103.00 110.00
1.00 2.00 124.00 132.00
1.00 2.00 132.00 137.00
1.00 0.00 152.00 160.00
1.00 3.00 0.00 6.00
1.00 1.00 7.00 13.00
1.00 2.00 17.00 25.00
1.00 0.00 39.00 44.00
1.00 1.00 48.00 55.00
1.00 3.00 55.00 63.00
1.00 1.00 63.00 69.00
1.00 0.00 128.00 136.00
1.00 3.00 166.00 171.00
1.00 2.00 46.00 54.00
1.00 3.00 124.00 131.00
1.00 1.00 132.00 137.00
1.00 1.00 137.00 144.00
1.00 2.00 164.00 171.00
1.00 0.00 16.00 21.00
1.00 2.00 25.00 33.00
1.00 3.00 35.00 42.00
1.00 0.00 94.00 99.00
1.00 2.00 102.00 109.00
1.00 3.00 110.00 118.00
1.00 2.00 137.00 143.00
1.00 1.00 172.00 177.00
1.00 1.00 0.00 7.00
1.00 3.00 14.00 22.00
1.00 3.00 22.00 27.00
1.00 1.00 31.00 36.00
1.00 3.00 42.00 48.00
1.00 0.00 81.00 89.00
1.00 0.00 115.00 123.00
1.00 0.00 136.00 144.00
1.00 2.00 157.00 164.00
1.00 0.00 0.00 8.00
1.00 0.00 8.00 16.00
1.00 0.00 21.00 29.00
1.00 2.00 33.00 39.00
1.00 1.00 43.00 48.00
1.00 2.00 54.00 62.00
1.00 2.00 89.00 96.00
1.00 3.00 97.00 103.00
1.00 3.00 161.00 166.00
1.00 1.00 13.00 19.00
1.00 0.00 49.00 57.00
1.00 1.00 57.00 62.00
1.00 2.00 62.00 69.00
1.00 3.00 79.00 85.00
1.00 2.00 109.00 117.00
1.00 2.00 143.00 149.00
1.00 3.00 27.00 35.00
1.00 2.00 39.00 46.00
1.00 3.00 131.00 138.00
1.00 1.00 144.00 149.00
1.00 2.00 149.00 157.00
1.00 0.00 160.00 168.00
1.00 3.00 6.00 14.00
1.00 2.00 96.00 102.00
1.00 0.00 107.00 115.00
1.00 3.00 118.00 124.00
1.00 1.00 125.00 132.00
1.00 0.00 144.00 152.00
1.00 0.00 168.00 173.00
1.00 1.00 19.00 24.00
1.00 0.00 44.00 49.00
1.00 0.00 65.00 73.00
1.00 1.00 73.00 79.00
1.00 0.00 123.00 128.00
1.00 3.00 143.00 149.00
1.00 3.00 149.00 155.00
1.00 2.00 0.00 8.00
1.00 0.00 57.00 65.00
1.00 2.00 76.00 82.00
1.00 2.00 82.00 89.00
1.00 1.00 89.00 95.00
1.00 1.00 155.00 161.00
1.00 1.00 161.00 166.00
==========
15	4	1.5

6   2 3 5 2 7 2 1 8 4 8 2 1 6 2 5 1 3 7 2 4 5 2 6 2 4 5 1 5 

5   1 3 7 2 1 6 2 5 1 4 6 2 4 5 2 6 2 1 8 2 6 

8   2 4 7 3 9 2 3 5 2 7 2 4 5 1 5 2 1 8 4 8 2 1 6 2 5 1 4 6 2 1 8 2 6 2 4 9 3 6 

7   2 4 5 1 5 2 4 7 3 9 2 1 8 4 8 1 4 8 2 1 8 2 6 2 4 5 2 6 1 4 6

6   2 3 7 1 5 2 4 6 2 7 2 4 7 3 9 1 3 8 2 3 5 2 7 2 1 8 2 6 

9   1 4 6 2 4 5 2 6 1 3 8 2 3 7 1 5 2 4 6 2 7 1 4 8 2 1 8 2 6 2 1 8 4 8 2 4 5 1 5

5   1 3 8 2 4 7 3 9 2 1 6 2 5 2 4 6 2 7 1 3 7

8   2 3 7 1 5 1 3 8 2 4 7 3 9 2 4 5 1 5 1 3 7 1 4 8 2 4 9 3 6 2 1 6 2 5 

9   2 3 5 2 7 1 4 8 2 4 5 2 6 2 1 6 2 5 1 4 6 2 1 8 4 9 2 1 8 4 8 2 1 8 2 6 1 3 7 

9   2 1 8 2 6 2 1 8 4 8 2 1 8 4 9 2 4 9 3 6 2 1 6 2 5 1 3 8 1 3 7 1 4 6 2 4 5 2 6 

7   2 1 8 2 6 2 1 8 4 8 2 1 6 2 5 1 3 7 1 4 6 1 3 8 2 4 9 3 6

6   1 4 8 1 3 7 2 4 7 3 9 2 1 6 2 5 1 3 8 2 1 8 4 8 

7   1 4 8 2 4 9 3 6 2 1 8 4 8 2 4 6 2 7 2 4 6 2 7 2 1 8 2 6 2 3 7 1 5

7   2 1 6 2 5 2 3 7 1 5 2 1 8 4 8 2 1 8 2 6 2 4 5 1 5 2 4 6 2 7 1 4 6 

7   1 3 8 2 1 8 4 9 2 4 9 3 6 1 3 7 2 4 5 2 6 2 1 8 2 6 2 1 6 2 5

