1.00 1.00 0.00 8.00
1.00 0.00 8.00 10.00
1.00 6.00 10.00 14.00
1.00 0.00 14.00 15.00
1.00 2.00 16.00 24.00
1.00 2.00 24.00 32.00
1.00 5.00 32.00 34.00
1.00 1.00 34.00 39.00
1.00 0.00 39.00 41.00
1.00 4.00 41.00 47.00
1.00 3.00 53.00 61.00
1.00 1.00 61.00 62.00
1.00 9.00 62.00 64.00
1.00 2.00 65.00 72.00
1.00 0.00 72.00 73.00
1.00 2.00 0.00 8.00
1.00 9.00 8.00 12.00
1.00 5.00 12.00 14.00
1.00 1.00 14.00 15.00
1.00 3.00 17.00 25.00
1.00 0.00 25.00 27.00
1.00 9.00 29.00 31.00
1.00 6.00 43.00 52.00
1.00 6.00 52.00 57.00
1.00 2.00 57.00 65.00
1.00 0.00 65.00 66.00
1.00 0.00 66.00 68.00
1.00 0.00 68.00 69.00
1.00 5.00 69.00 72.00
1.00 0.00 74.00 83.00
1.00 7.00 0.00 2.00
1.00 6.00 14.00 23.00
1.00 9.00 23.00 29.00
1.00 6.00 30.00 32.00
1.00 1.00 32.00 33.00
1.00 8.00 33.00 37.00
1.00 8.00 37.00 44.00
1.00 8.00 44.00 47.00
1.00 8.00 47.00 48.00
1.00 5.00 49.00 52.00
1.00 9.00 52.00 61.00
1.00 7.00 61.00 70.00
1.00 1.00 70.00 75.00
1.00 5.00 75.00 77.00
1.00 6.00 77.00 82.00
1.00 4.00 0.00 6.00
1.00 8.00 6.00 7.00
1.00 7.00 7.00 15.00
1.00 3.00 15.00 17.00
1.00 3.00 25.00 33.00
1.00 9.00 34.00 40.00
1.00 2.00 40.00 48.00
1.00 8.00 48.00 55.00
1.00 8.00 55.00 58.00
1.00 0.00 58.00 59.00
1.00 5.00 59.00 62.00
1.00 0.00 62.00 63.00
1.00 1.00 63.00 70.00
1.00 4.00 70.00 76.00
1.00 9.00 76.00 78.00
1.00 3.00 0.00 5.00
1.00 7.00 5.00 7.00
1.00 8.00 7.00 11.00
1.00 8.00 11.00 18.00
1.00 6.00 23.00 28.00
1.00 1.00 28.00 29.00
1.00 5.00 29.00 31.00
1.00 2.00 32.00 39.00
1.00 5.00 39.00 42.00
1.00 0.00 42.00 44.00
1.00 9.00 46.00 50.00
1.00 4.00 55.00 61.00
1.00 4.00 61.00 68.00
1.00 0.00 69.00 72.00
1.00 3.00 75.00 83.00
1.00 6.00 0.00 5.00
1.00 0.00 5.00 8.00
1.00 4.00 22.00 28.00
1.00 4.00 28.00 34.00
1.00 4.00 34.00 41.00
1.00 6.00 41.00 43.00
1.00 0.00 44.00 46.00
1.00 0.00 46.00 54.00
1.00 0.00 54.00 58.00
1.00 8.00 58.00 63.00
1.00 0.00 63.00 64.00
1.00 8.00 64.00 67.00
1.00 9.00 67.00 73.00
1.00 0.00 73.00 74.00
1.00 9.00 74.00 76.00
1.00 0.00 0.00 1.00
1.00 9.00 1.00 3.00
1.00 6.00 5.00 10.00
1.00 0.00 10.00 13.00
1.00 0.00 13.00 14.00
1.00 0.00 15.00 17.00
1.00 0.00 17.00 25.00
1.00 8.00 25.00 28.00
1.00 8.00 28.00 29.00
1.00 8.00 29.00 33.00
1.00 9.00 40.00 46.00
1.00 5.00 46.00 49.00
1.00 4.00 49.00 55.00
1.00 3.00 61.00 69.00
1.00 3.00 69.00 75.00
1.00 8.00 0.00 1.00
1.00 8.00 1.00 4.00
1.00 4.00 6.00 14.00
1.00 7.00 15.00 17.00
1.00 5.00 17.00 19.00
1.00 8.00 19.00 20.00
1.00 7.00 20.00 29.00
1.00 0.00 29.00 30.00
1.00 0.00 32.00 34.00
1.00 5.00 34.00 37.00
1.00 7.00 37.00 45.00
1.00 3.00 45.00 53.00
1.00 0.00 60.00 62.00
1.00 1.00 62.00 63.00
1.00 6.00 68.00 77.00
1.00 5.00 0.00 3.00
1.00 0.00 3.00 4.00
1.00 2.00 8.00 16.00
1.00 9.00 16.00 20.00
1.00 1.00 20.00 21.00
1.00 6.00 28.00 30.00
1.00 0.00 30.00 32.00
1.00 9.00 32.00 34.00
1.00 0.00 34.00 37.00
1.00 0.00 37.00 39.00
1.00 3.00 39.00 45.00
1.00 2.00 48.00 55.00
1.00 6.00 57.00 66.00
1.00 7.00 70.00 72.00
1.00 5.00 72.00 74.00
1.00 0.00 1.00 2.00
1.00 5.00 3.00 6.00
1.00 9.00 6.00 8.00
1.00 4.00 14.00 22.00
1.00 8.00 22.00 25.00
1.00 0.00 27.00 29.00
1.00 6.00 32.00 41.00
1.00 0.00 41.00 42.00
1.00 1.00 42.00 49.00
1.00 1.00 49.00 54.00
1.00 1.00 54.00 59.00
1.00 0.00 59.00 60.00
1.00 1.00 60.00 61.00
1.00 6.00 66.00 68.00
1.00 8.00 68.00 75.00
==========
10	15	3

15  4 2 8 6 3 7 2 9 5 2 9 7 1 2 5 7 4 1 4 9 1 2 7 10 4 2 1 1 8 2 3 7 5 3 8 5 8 5 1 3 8 8 2 5 3 8 10 9 3 5 6 1 1 6 2 5 2 5 1 9 9 1 5 7 4 6 2 10 6 1 2 2 7 9 5 6 2 4 8 7 2 5 2 1 5 8 4 2 1 8 3 7 3 10 2 8 9 4 5 3 7 5 3 7 9 3 3 9 4 5 8 1 1

15  5 1 3 8 8 2 5 3 8 10 9 5 7 4 1 4 9 1 2 7 10 4 3 5 6 1 1 6 2 5 2 1 5 8 4 2 1 8 3 7 2 4 8 7 2 2 10 6 1 2 3 10 2 8 9 4 5 2 7 9 5 6 3 7 5 3 7 9 3 3 7 5 3 8 5 8 3 9 4 5 8 1 1 2 9 7 1 2 2 1 1 8 2 4 2 8 6 3 7 2 9 5 5 2 5 1 9 9 1 5 7 4 6 

15  2 1 1 8 2 2 7 9 5 6 2 10 6 1 2 2 4 8 7 2 5 2 1 5 8 4 2 1 8 3 7 3 9 4 5 8 1 1 2 9 7 1 2 3 7 5 3 7 9 3 5 7 4 1 4 9 1 2 7 10 4 4 2 8 6 3 7 2 9 5 5 1 3 8 8 2 5 3 8 10 9 3 10 2 8 9 4 5 5 2 5 1 9 9 1 5 7 4 6 3 5 6 1 1 6 2 3 7 5 3 8 5 8 

15  3 5 6 1 1 6 2 5 2 5 1 9 9 1 5 7 4 6 5 1 3 8 8 2 5 3 8 10 9 5 2 1 5 8 4 2 1 8 3 7 2 4 8 7 2 2 10 6 1 2 3 7 5 3 8 5 8 2 9 7 1 2 3 7 5 3 7 9 3 3 9 4 5 8 1 1 4 2 8 6 3 7 2 9 5 2 1 1 8 2 5 7 4 1 4 9 1 2 7 10 4 2 7 9 5 6 3 10 2 8 9 4 5 

15  3 10 2 8 9 4 5 2 1 1 8 2 3 9 4 5 8 1 1 2 9 7 1 2 3 7 5 3 8 5 8 5 2 1 5 8 4 2 1 8 3 7 3 5 6 1 1 6 2 3 7 5 3 7 9 3 4 2 8 6 3 7 2 9 5 2 10 6 1 2 5 7 4 1 4 9 1 2 7 10 4 2 7 9 5 6 5 2 5 1 9 9 1 5 7 4 6 5 1 3 8 8 2 5 3 8 10 9 2 4 8 7 2 

15  3 7 5 3 8 5 8 5 1 3 8 8 2 5 3 8 10 9 2 7 9 5 6 3 5 6 1 1 6 2 5 2 5 1 9 9 1 5 7 4 6 2 4 8 7 2 2 9 7 1 2 5 2 1 5 8 4 2 1 8 3 7 5 7 4 1 4 9 1 2 7 10 4 4 2 8 6 3 7 2 9 5 2 1 1 8 2 3 7 5 3 7 9 3 2 10 6 1 2 3 9 4 5 8 1 1 3 10 2 8 9 4 5

15  3 5 6 1 1 6 2 3 10 2 8 9 4 5 3 7 5 3 8 5 8 5 1 3 8 8 2 5 3 8 10 9 2 1 1 8 2 2 9 7 1 2 5 2 1 5 8 4 2 1 8 3 7 3 7 5 3 7 9 3 5 7 4 1 4 9 1 2 7 10 4 3 9 4 5 8 1 1 2 10 6 1 2 4 2 8 6 3 7 2 9 5 2 7 9 5 6 2 4 8 7 2 5 2 5 1 9 9 1 5 7 4 6 

15  5 7 4 1 4 9 1 2 7 10 4 3 7 5 3 7 9 3 3 7 5 3 8 5 8 2 1 1 8 2 3 5 6 1 1 6 2 5 2 5 1 9 9 1 5 7 4 6 3 10 2 8 9 4 5 3 9 4 5 8 1 1 2 9 7 1 2 4 2 8 6 3 7 2 9 5 5 1 3 8 8 2 5 3 8 10 9 2 4 8 7 2 2 10 6 1 2 5 2 1 5 8 4 2 1 8 3 7	2 7 9 5 6

15  4 2 8 6 3 7 2 9 5 3 9 4 5 8 1 1 3 7 5 3 8 5 8 5 7 4 1 4 9 1 2 7 10 4 5 2 1 5 8 4 2 1 8 3 7 2 4 8 7 2 2 9 7 1 2 3 10 2 8 9 4 5 5 1 3 8 8 2 5 3 8 10 9 2 10 6 1 2 5 2 5 1 9 9 1 5 7 4 6 3 7 5 3 7 9 3 2 7 9 5 6 2 1 1 8 2 3 5 6 1 1 6 2 

15  2 1 1 8 2 4 2 8 6 3 7 2 9 5 3 10 2 8 9 4 5 3 7 5 3 8 5 8 3 7 5 3 7 9 3 2 10 6 1 2 2 7 9 5 6 3 9 4 5 8 1 1 5 7 4 1 4 9 1 2 7 10 4 5 2 5 1 9 9 1 5 7 4 6 5 1 3 8 8 2 5 3 8 10 9 3 5 6 1 1 6 2 5 2 1 5 8 4 2 1 8 3 7 2 4 8 7 2 2 9 7 1 2

