1.00 0.00 30.00 45.00
1.00 0.00 45.00 60.00
1.00 1.00 62.00 66.00
1.00 3.00 131.00 149.00
1.00 1.00 151.00 158.00
1.00 4.00 24.00 37.00
1.00 2.00 39.00 47.00
1.00 1.00 58.00 62.00
1.00 0.00 62.00 70.00
1.00 0.00 70.00 73.00
1.00 4.00 2.00 3.00
1.00 3.00 38.00 56.00
1.00 2.00 65.00 74.00
1.00 1.00 91.00 95.00
1.00 2.00 98.00 112.00
1.00 1.00 4.00 8.00
1.00 3.00 28.00 38.00
1.00 1.00 40.00 42.00
1.00 1.00 42.00 58.00
1.00 0.00 73.00 79.00
1.00 0.00 17.00 20.00
1.00 0.00 79.00 94.00
1.00 2.00 131.00 134.00
1.00 2.00 152.00 166.00
1.00 3.00 169.00 174.00
1.00 1.00 8.00 15.00
1.00 2.00 47.00 65.00
1.00 4.00 70.00 77.00
1.00 1.00 112.00 119.00
1.00 1.00 119.00 123.00
1.00 3.00 0.00 5.00
1.00 4.00 45.00 52.00
1.00 1.00 66.00 70.00
1.00 0.00 143.00 146.00
1.00 4.00 162.00 169.00
1.00 2.00 0.00 15.00
1.00 3.00 62.00 77.00
1.00 2.00 112.00 131.00
1.00 1.00 133.00 137.00
1.00 1.00 158.00 165.00
1.00 4.00 23.00 24.00
1.00 4.00 53.00 60.00
1.00 4.00 77.00 78.00
1.00 1.00 137.00 151.00
1.00 0.00 153.00 170.00
1.00 4.00 37.00 44.00
1.00 4.00 62.00 70.00
1.00 2.00 83.00 98.00
1.00 3.00 149.00 154.00
1.00 3.00 159.00 169.00
1.00 3.00 5.00 23.00
1.00 4.00 52.00 53.00
1.00 4.00 60.00 62.00
1.00 4.00 109.00 116.00
1.00 4.00 123.00 138.00
1.00 4.00 3.00 15.00
1.00 4.00 15.00 23.00
1.00 0.00 94.00 100.00
1.00 0.00 146.00 153.00
1.00 1.00 165.00 175.00
1.00 0.00 0.00 17.00
1.00 3.00 77.00 95.00
1.00 1.00 95.00 112.00
1.00 0.00 123.00 125.00
1.00 4.00 160.00 161.00
1.00 2.00 34.00 39.00
1.00 0.00 60.00 62.00
1.00 1.00 70.00 87.00
1.00 2.00 134.00 152.00
1.00 4.00 169.00 171.00
1.00 0.00 20.00 27.00
1.00 4.00 44.00 45.00
1.00 4.00 79.00 91.00
1.00 1.00 123.00 133.00
1.00 4.00 138.00 153.00
1.00 1.00 20.00 36.00
1.00 2.00 74.00 83.00
1.00 1.00 87.00 91.00
1.00 0.00 125.00 140.00
1.00 3.00 154.00 159.00
1.00 4.00 0.00 2.00
1.00 2.00 15.00 34.00
1.00 0.00 100.00 102.00
1.00 0.00 102.00 108.00
1.00 4.00 161.00 162.00
1.00 1.00 0.00 4.00
1.00 1.00 15.00 20.00
1.00 4.00 78.00 79.00
1.00 0.00 108.00 123.00
1.00 4.00 153.00 160.00
1.00 0.00 27.00 30.00
1.00 3.00 56.00 62.00
1.00 4.00 91.00 109.00
1.00 3.00 113.00 131.00
1.00 0.00 140.00 143.00
1.00 3.00 23.00 28.00
1.00 1.00 36.00 40.00
1.00 3.00 95.00 113.00
1.00 4.00 116.00 123.00
1.00 2.00 166.00 175.00
==========
20	5	3

5  2 2 4 1 15 2 3 18 1 15 1 2 4 1 4 18 5 3 8 5 2 4 5 1 7 2 7

5  2 1 3 5 13 5 3 8 5 2 4 5 1 7 2 7 2 2 4 1 15 3 1 8 5 1 2 5 3 1 3 5 13 3 2

5  5 2 18 5 1 4 19 1 9 3 3 1 4 18 2 4 11 3 9 1 2 4 3 5 12 3 14 4 19

5  2 2 4 1 15 4 4 10 3 10 2 17 5 8 4 5 18 3 13 2 2 1 5 5 4 10 5 15 1 2 3 9 2 16 2 3 15 1 6

5  3 1 3 5 13 3 2 2 3 18 1 15 5 2 18 5 1 4 19 1 9 3 3 3 5 12 3 14 4 19 1 4 5

5  5 3 8 5 2 4 5 1 7 2 7 2 3 18 1 15 2 1 15 5 7 2 2 7 1 17 2 2 4 1 15

5  1 4 5 2 1 15 5 7 2 2 4 1 15 3 1 3 5 13 3 2 4 4 6 2 17 3 15 5 7 

5  4 4 6 2 17 3 15 5 7 3 3 18 1 2 4 15 4 2 14 4 14 3 19 5 15 1 2 4 2 2 7 1 17

5  5 2 18 5 1 4 19 1 9 3 3 4 4 6 2 17 3 15 5 7 3 1 8 5 1 2 5 4 2 14 4 14 3 19 5 15 2 1 17 5 15

5  2 1 15 5 7 4 4 10 3 10 2 17 5 8 2 3 15 1 6 1 4 5 5 3 16 5 17 4 10 2 10 1 7

5  1 4 18 3 1 8 5 1 2 5 5 3 8 5 2 4 5 1 7 2 7 2 1 15 5 7 2 1 17 5 15

5  3 5 12 3 14 4 19 4 4 10 3 10 2 17 5 8 2 3 15 1 6 5 3 8 5 2 4 5 1 7 2 7 5 3 16 5 17 4 10 2 10 1 7

5  2 1 17 5 15 1 4 18 4 2 17 5 19 4 5 3 12 3 3 18 1 2 4 15 3 1 8 5 1 2 5

5  2 5 1 3 5 3 3 18 1 2 4 15 4 4 10 3 10 2 17 5 8 2 3 18 1 15 5 3 8 5 2 4 5 1 7 2 7 

5  5 3 8 5 2 4 5 1 7 2 7 2 5 1 3 5 3 5 12 3 14 4 19 5 3 16 5 17 4 10 2 10 1 7 2 1 17 5 15

5  5 4 10 5 15 1 2 3 9 2 16 2 4 11 3 9 1 2 4 2 1 15 5 7 1 4 5

5  5 3 8 5 2 4 5 1 7 2 7 4 2 14 4 14 3 19 5 15 3 3 18 1 2 4 15 2 3 15 1 6 5 2 18 5 1 4 19 1 9 3 3 

5  1 2 4 3 1 8 5 1 2 5 2 5 1 3 5 2 3 18 1 15 2 1 15 5 7

5  3 1 3 5 13 3 2 4 4 6 2 17 3 15 5 7 4 5 18 3 13 2 2 1 5 1 4 18 2 1 3 5 13

5  1 4 5 2 2 4 1 15 1 4 18 2 1 15 5 7 5 4 10 5 15 1 2 3 9 2 16 



