1.00 3.00 0.00 5.00
1.00 4.00 23.00 30.00
1.00 2.00 71.00 90.00
1.00 6.00 96.00 110.00
1.00 3.00 115.00 120.00
1.00 0.00 177.00 187.00
1.00 9.00 291.00 309.00
1.00 6.00 314.00 324.00
1.00 2.00 324.00 335.00
1.00 2.00 335.00 340.00
1.00 1.00 5.00 10.00
1.00 3.00 10.00 15.00
1.00 7.00 19.00 31.00
1.00 0.00 98.00 108.00
1.00 9.00 254.00 273.00
1.00 2.00 273.00 288.00
1.00 6.00 300.00 314.00
1.00 4.00 314.00 323.00
1.00 4.00 323.00 337.00
1.00 0.00 378.00 397.00
1.00 6.00 397.00 407.00
1.00 0.00 433.00 449.00
1.00 4.00 0.00 14.00
1.00 0.00 49.00 68.00
1.00 0.00 68.00 78.00
1.00 2.00 90.00 109.00
1.00 6.00 110.00 128.00
1.00 3.00 128.00 133.00
1.00 7.00 137.00 149.00
1.00 9.00 152.00 162.00
1.00 4.00 162.00 171.00
1.00 0.00 270.00 277.00
1.00 6.00 277.00 287.00
1.00 0.00 300.00 310.00
1.00 9.00 413.00 432.00
1.00 9.00 470.00 488.00
1.00 9.00 0.00 10.00
1.00 6.00 41.00 48.00
1.00 6.00 48.00 62.00
1.00 0.00 78.00 88.00
1.00 9.00 162.00 180.00
1.00 2.00 180.00 195.00
1.00 4.00 195.00 202.00
1.00 7.00 210.00 219.00
1.00 8.00 223.00 234.00
1.00 4.00 241.00 250.00
1.00 4.00 14.00 23.00
1.00 8.00 23.00 28.00
1.00 3.00 28.00 33.00
1.00 7.00 33.00 42.00
1.00 0.00 197.00 207.00
1.00 8.00 212.00 223.00
1.00 0.00 227.00 234.00
1.00 6.00 239.00 253.00
1.00 3.00 260.00 265.00
1.00 3.00 265.00 284.00
1.00 7.00 404.00 422.00
1.00 9.00 432.00 451.00
1.00 2.00 0.00 15.00
1.00 2.00 52.00 71.00
1.00 4.00 78.00 87.00
1.00 9.00 133.00 152.00
1.00 2.00 163.00 168.00
1.00 3.00 168.00 173.00
1.00 7.00 182.00 196.00
1.00 3.00 196.00 201.00
1.00 9.00 217.00 235.00
1.00 0.00 263.00 270.00
1.00 0.00 39.00 49.00
1.00 9.00 105.00 123.00
1.00 0.00 125.00 132.00
1.00 4.00 132.00 141.00
1.00 7.00 149.00 163.00
1.00 7.00 163.00 182.00
1.00 2.00 195.00 210.00
1.00 4.00 210.00 217.00
1.00 7.00 219.00 237.00
1.00 9.00 348.00 367.00
1.00 0.00 404.00 423.00
1.00 0.00 484.00 494.00
1.00 0.00 10.00 20.00
1.00 6.00 20.00 34.00
1.00 0.00 167.00 177.00
1.00 3.00 177.00 196.00
1.00 8.00 196.00 201.00
1.00 3.00 201.00 206.00
1.00 2.00 210.00 229.00
1.00 0.00 244.00 263.00
1.00 3.00 284.00 289.00
1.00 4.00 289.00 298.00
1.00 9.00 319.00 338.00
1.00 6.00 0.00 10.00
1.00 9.00 10.00 19.00
1.00 0.00 20.00 39.00
1.00 9.00 235.00 254.00
1.00 4.00 254.00 261.00
1.00 1.00 261.00 266.00
1.00 3.00 289.00 294.00
1.00 4.00 298.00 305.00
1.00 0.00 310.00 326.00
1.00 0.00 397.00 404.00
1.00 8.00 404.00 415.00
1.00 2.00 419.00 438.00
1.00 0.00 494.00 504.00
1.00 9.00 504.00 522.00
1.00 9.00 48.00 67.00
1.00 4.00 71.00 78.00
1.00 7.00 78.00 96.00
1.00 7.00 96.00 105.00
1.00 0.00 108.00 115.00
1.00 0.00 217.00 227.00
1.00 4.00 227.00 241.00
1.00 3.00 241.00 260.00
1.00 9.00 395.00 413.00
1.00 2.00 438.00 457.00
1.00 0.00 504.00 523.00
1.00 8.00 0.00 5.00
1.00 0.00 88.00 98.00
1.00 7.00 105.00 123.00
1.00 2.00 123.00 138.00
1.00 6.00 143.00 153.00
1.00 2.00 158.00 163.00
1.00 2.00 168.00 179.00
1.00 7.00 196.00 210.00
1.00 9.00 367.00 377.00
1.00 8.00 385.00 396.00
1.00 2.00 400.00 419.00
1.00 9.00 19.00 38.00
1.00 2.00 41.00 52.00
1.00 6.00 76.00 83.00
1.00 0.00 151.00 167.00
1.00 6.00 176.00 190.00
1.00 6.00 190.00 208.00
1.00 3.00 208.00 213.00
1.00 0.00 234.00 244.00
1.00 7.00 301.00 319.00
1.00 8.00 330.00 335.00
1.00 4.00 37.00 44.00
1.00 9.00 67.00 86.00
1.00 6.00 86.00 96.00
1.00 3.00 96.00 115.00
1.00 0.00 132.00 151.00
1.00 7.00 237.00 255.00
1.00 7.00 345.00 359.00
1.00 7.00 359.00 368.00
1.00 9.00 377.00 395.00
1.00 8.00 396.00 401.00
1.00 1.00 405.00 410.00
1.00 0.00 0.00 10.00
1.00 4.00 30.00 37.00
1.00 0.00 187.00 197.00
1.00 8.00 201.00 212.00
1.00 6.00 212.00 226.00
1.00 6.00 226.00 239.00
1.00 7.00 255.00 269.00
1.00 0.00 277.00 293.00
1.00 2.00 293.00 298.00
1.00 8.00 298.00 303.00
1.00 1.00 303.00 308.00
1.00 8.00 5.00 10.00
1.00 6.00 34.00 41.00
1.00 6.00 62.00 76.00
1.00 9.00 123.00 133.00
1.00 6.00 133.00 143.00
1.00 2.00 143.00 158.00
1.00 6.00 158.00 176.00
1.00 0.00 293.00 300.00
1.00 2.00 300.00 311.00
1.00 0.00 333.00 352.00
1.00 7.00 386.00 404.00
1.00 1.00 0.00 5.00
1.00 6.00 10.00 20.00
1.00 9.00 309.00 319.00
1.00 8.00 319.00 330.00
1.00 7.00 368.00 386.00
1.00 4.00 392.00 399.00
1.00 4.00 399.00 413.00
1.00 0.00 423.00 433.00
1.00 0.00 449.00 468.00
1.00 6.00 468.00 481.00
1.00 7.00 481.00 495.00
1.00 9.00 38.00 48.00
1.00 4.00 48.00 62.00
1.00 4.00 62.00 71.00
1.00 9.00 86.00 105.00
1.00 0.00 115.00 125.00
1.00 7.00 125.00 137.00
1.00 1.00 137.00 142.00
1.00 4.00 142.00 149.00
1.00 0.00 207.00 217.00
1.00 7.00 269.00 283.00
1.00 6.00 287.00 300.00
1.00 0.00 352.00 368.00
1.00 6.00 374.00 388.00
1.00 2.00 15.00 30.00
1.00 1.00 30.00 35.00
1.00 9.00 198.00 217.00
1.00 2.00 229.00 248.00
1.00 7.00 283.00 301.00
1.00 0.00 326.00 333.00
1.00 4.00 337.00 346.00
1.00 6.00 346.00 360.00
1.00 3.00 360.00 365.00
1.00 0.00 368.00 378.00
1.00 4.00 378.00 392.00
1.00 7.00 0.00 19.00
1.00 1.00 19.00 24.00
1.00 2.00 30.00 41.00
1.00 8.00 41.00 52.00
1.00 3.00 52.00 57.00
1.00 9.00 273.00 291.00
1.00 3.00 294.00 299.00
1.00 7.00 319.00 333.00
1.00 7.00 333.00 345.00
1.00 9.00 451.00 470.00
1.00 9.00 180.00 198.00
1.00 9.00 338.00 348.00
1.00 6.00 360.00 374.00
1.00 8.00 374.00 385.00
1.00 2.00 385.00 400.00
1.00 1.00 400.00 405.00
1.00 7.00 422.00 436.00
1.00 7.00 436.00 448.00
1.00 4.00 448.00 457.00
1.00 0.00 468.00 484.00
==========
20	10	1.5

10  2 7 18 4 5 2 5 7 7 7 1 3 19 1 7 14 2 4 5 10 12 1 1 10 1 10 18 2 7 10 8 19 2 3 11 8 9 2 3 5 8 12

12  1 2 5 2 7 18 4 5 2 3 5 8 12 1 1 10 1 10 19 2 3 15 4 19 1 7 14 1 5 9 2 5 14 9 5 1 1 19 2 7 10 8 19 1 1 16

14  2 5 14 9 5 1 1 19 1 1 10 1 3 19 2 7 18 4 5 2 4 5 10 12 2 3 5 8 12 1 10 10 1 5 9 1 1 7 2 7 10 8 19 1 1 10 1 10 19 1 10 18

10  1 10 10 2 5 7 7 7 1 7 14 1 1 10 1 10 18 2 3 15 7 13 2 10 14 5 7 2 3 11 8 9 1 9 11 1 5 9 

12  1 5 9 2 5 14 9 5 2 7 18 4 5 2 3 11 8 9 1 1 10 1 9 11 1 1 7 1 7 14 2 4 5 10 12 2 3 15 4 19 1 8 18 1 10 19

10  2 3 15 7 13 1 3 19 1 5 9 1 10 19 2 3 5 8 12 2 7 18 4 5 2 8 14 10 9 2 4 5 10 12 1 10 18 1 1 7

12  1 1 10 1 10 18 1 1 7 1 5 9 2 8 14 10 9 2 7 10 8 19 2 3 15 4 19 2 10 14 5 7 1 8 18 1 10 19 1 1 19 1 1 10

11  1 1 10 1 7 14 1 1 10 2 3 15 4 19 2 5 14 9 5 2 7 18 4 5 1 3 19 1 1 19 2 4 5 10 12 1 5 9 1 10 19

14  2 7 10 8 19 2 8 14 10 9 1 1 19 1 10 19 2 10 14 5 7 1 2 5 2 4 5 10 12 2 5 7 7 7 1 1 16 1 1 7 1 9 11 1 3 19 1 1 10 1 10 18

11  1 10 19 2 10 14 5 7 1 8 18 2 3 11 8 9 1 1 7 1 1 10 2 5 14 9 5 2 3 15 4 19 1 10 18 1 3 19 1 1 19

11  2 5 14 9 5 1 1 10 1 8 18 2 3 15 4 19 2 7 10 8 19 2 3 5 8 12 2 3 11 8 9 2 8 14 10 9 1 10 10 1 9 11 1 3 19

10  1 10 19 2 3 11 8 9 2 5 7 7 7 1 1 16 1 7 14 2 7 18 4 5 2 4 5 10 12 1 1 10 1 8 18 2 5 14 9 5 

11  2 10 14 5 7 1 10 19 2 7 10 8 19 2 3 15 4 19 1 1 19 1 8 18 2 8 14 10 9 2 3 11 8 9 1 10 18 2 5 14 9 5 1 2 5 

11  1 1 10 2 5 7 7 7 1 1 10 1 9 11 1 7 14 2 3 15 7 13 2 8 14 10 9 1 1 16 2 3 5 8 12 2 5 14 9 5 1 2 5 

11  2 5 14 9 5 2 5 7 7 7 1 7 14 1 10 10 2 7 10 8 19 2 3 15 4 19 2 7 18 4 5 1 1 7 2 3 11 8 9 1 1 19 1 8 18

11  1 2 5 2 7 10 8 19 1 10 10 1 9 11 1 8 18 2 10 14 5 7 2 5 14 9 5 1 1 10 1 1 19 2 3 15 7 13 2 8 14 10 9 

13  1 10 10 2 5 14 9 5 1 5 9 1 10 19 1 1 10 2 3 5 8 12 1 2 5 2 10 14 5 7 1 1 10 2 8 14 10 9 2 3 15 7 13 1 1 16 1 7 14

11  2 3 15 7 13 1 2 5 1 10 19 1 3 19 1 8 18 1 1 7 1 5 9 1 7 14 2 7 18 4 5 1 1 10 2 5 14 9 5 

10  2 7 10 8 19 1 2 5 2 3 11 8 9 1 9 11 2 4 5 10 12 1 10 18 2 7 18 4 5 2 8 14 10 9 2 3 5 8 12 1 10 19 

10  1 10 18 1 10 10 1 7 14 1 9 11 2 3 15 7 13 1 2 5 2 8 14 10 9 2 3 5 8 12 1 5 9 1 1 16
