1.00 1.00 8.00 18.00
1.00 7.00 82.00 99.00
1.00 7.00 99.00 113.00
1.00 0.00 128.00 138.00
1.00 9.00 141.00 159.00
1.00 8.00 159.00 165.00
1.00 2.00 166.00 176.00
1.00 0.00 177.00 184.00
1.00 8.00 188.00 199.00
1.00 3.00 244.00 260.00
1.00 1.00 272.00 277.00
1.00 8.00 278.00 287.00
1.00 7.00 113.00 130.00
1.00 4.00 130.00 136.00
1.00 0.00 138.00 149.00
1.00 4.00 149.00 158.00
1.00 1.00 158.00 174.00
1.00 5.00 174.00 186.00
1.00 5.00 186.00 196.00
1.00 4.00 201.00 220.00
1.00 2.00 222.00 232.00
1.00 0.00 232.00 242.00
1.00 6.00 258.00 275.00
1.00 3.00 282.00 298.00
1.00 2.00 298.00 309.00
1.00 5.00 0.00 10.00
1.00 4.00 22.00 31.00
1.00 9.00 33.00 51.00
1.00 1.00 55.00 65.00
1.00 6.00 65.00 74.00
1.00 3.00 131.00 147.00
1.00 0.00 159.00 166.00
1.00 0.00 215.00 225.00
1.00 4.00 229.00 235.00
1.00 1.00 235.00 251.00
1.00 2.00 267.00 281.00
1.00 9.00 0.00 15.00
1.00 4.00 31.00 50.00
1.00 0.00 57.00 63.00
1.00 7.00 144.00 158.00
1.00 3.00 169.00 185.00
1.00 7.00 189.00 206.00
1.00 6.00 207.00 224.00
1.00 9.00 224.00 230.00
1.00 2.00 242.00 256.00
1.00 3.00 260.00 271.00
1.00 0.00 299.00 309.00
1.00 7.00 17.00 34.00
1.00 3.00 38.00 54.00
1.00 4.00 56.00 65.00
1.00 4.00 65.00 70.00
1.00 3.00 70.00 77.00
1.00 1.00 89.00 105.00
1.00 1.00 118.00 126.00
1.00 7.00 175.00 189.00
1.00 4.00 195.00 201.00
1.00 1.00 204.00 209.00
1.00 8.00 209.00 218.00
1.00 4.00 220.00 229.00
1.00 5.00 229.00 241.00
1.00 4.00 244.00 263.00
1.00 6.00 0.00 13.00
1.00 9.00 15.00 33.00
1.00 0.00 37.00 47.00
1.00 2.00 74.00 88.00
1.00 4.00 103.00 112.00
1.00 6.00 115.00 124.00
1.00 7.00 223.00 240.00
1.00 7.00 271.00 285.00
1.00 1.00 287.00 292.00
1.00 1.00 292.00 300.00
1.00 3.00 300.00 311.00
1.00 7.00 34.00 48.00
1.00 7.00 65.00 82.00
1.00 4.00 85.00 94.00
1.00 3.00 99.00 115.00
1.00 0.00 118.00 128.00
1.00 9.00 131.00 141.00
1.00 1.00 153.00 158.00
1.00 4.00 158.00 164.00
1.00 6.00 164.00 173.00
1.00 8.00 173.00 188.00
1.00 9.00 193.00 211.00
1.00 5.00 211.00 221.00
1.00 6.00 224.00 241.00
1.00 9.00 248.00 266.00
1.00 0.00 47.00 57.00
1.00 9.00 62.00 68.00
1.00 4.00 70.00 79.00
1.00 6.00 79.00 88.00
1.00 8.00 88.00 99.00
1.00 9.00 99.00 109.00
1.00 5.00 112.00 122.00
1.00 1.00 126.00 131.00
1.00 5.00 132.00 146.00
1.00 3.00 147.00 153.00
1.00 1.00 194.00 204.00
1.00 6.00 275.00 292.00
1.00 4.00 296.00 302.00
1.00 7.00 158.00 175.00
1.00 1.00 179.00 184.00
1.00 0.00 184.00 194.00
1.00 3.00 201.00 217.00
1.00 3.00 217.00 228.00
1.00 2.00 232.00 242.00
1.00 0.00 242.00 261.00
1.00 8.00 261.00 272.00
1.00 8.00 272.00 278.00
1.00 0.00 288.00 299.00
1.00 7.00 299.00 307.00
1.00 3.00 0.00 16.00
1.00 3.00 16.00 27.00
1.00 2.00 88.00 102.00
1.00 6.00 102.00 115.00
1.00 8.00 120.00 131.00
1.00 8.00 142.00 151.00
1.00 4.00 164.00 170.00
1.00 6.00 173.00 190.00
1.00 1.00 209.00 219.00
1.00 1.00 219.00 235.00
1.00 5.00 241.00 253.00
1.00 0.00 261.00 271.00
1.00 8.00 0.00 11.00
1.00 4.00 13.00 22.00
1.00 1.00 23.00 31.00
1.00 3.00 54.00 70.00
1.00 8.00 70.00 85.00
1.00 4.00 94.00 103.00
1.00 6.00 124.00 133.00
1.00 2.00 138.00 152.00
1.00 0.00 194.00 204.00
1.00 6.00 241.00 258.00
1.00 4.00 0.00 5.00
1.00 3.00 27.00 38.00
1.00 3.00 115.00 131.00
1.00 1.00 131.00 143.00
1.00 6.00 150.00 155.00
1.00 6.00 155.00 164.00
1.00 1.00 174.00 179.00
1.00 7.00 240.00 254.00
1.00 5.00 254.00 270.00
1.00 3.00 271.00 282.00
1.00 9.00 285.00 303.00
1.00 1.00 18.00 23.00
1.00 2.00 32.00 46.00
1.00 8.00 52.00 58.00
1.00 4.00 112.00 121.00
1.00 9.00 121.00 131.00
1.00 6.00 133.00 150.00
1.00 1.00 184.00 194.00
1.00 7.00 254.00 271.00
1.00 0.00 271.00 278.00
1.00 0.00 278.00 288.00
1.00 2.00 288.00 298.00
1.00 4.00 5.00 13.00
1.00 0.00 63.00 73.00
1.00 9.00 73.00 91.00
1.00 0.00 91.00 102.00
1.00 5.00 102.00 112.00
1.00 0.00 112.00 118.00
1.00 3.00 153.00 169.00
1.00 2.00 176.00 187.00
1.00 2.00 187.00 197.00
1.00 2.00 197.00 208.00
1.00 0.00 27.00 37.00
1.00 8.00 37.00 52.00
1.00 6.00 52.00 65.00
1.00 5.00 65.00 79.00
1.00 3.00 88.00 99.00
1.00 8.00 99.00 105.00
1.00 1.00 105.00 110.00
1.00 1.00 110.00 118.00
1.00 3.00 185.00 201.00
1.00 1.00 256.00 272.00
1.00 1.00 277.00 287.00
1.00 5.00 287.00 297.00
1.00 7.00 0.00 17.00
1.00 8.00 22.00 37.00
1.00 2.00 46.00 60.00
1.00 8.00 60.00 66.00
1.00 7.00 130.00 144.00
1.00 5.00 146.00 156.00
1.00 2.00 156.00 166.00
1.00 4.00 170.00 181.00
1.00 4.00 181.00 195.00
1.00 0.00 204.00 215.00
1.00 3.00 228.00 244.00
1.00 8.00 244.00 261.00
1.00 4.00 263.00 282.00
1.00 4.00 291.00 296.00
1.00 1.00 0.00 8.00
1.00 8.00 11.00 22.00
1.00 2.00 22.00 32.00
1.00 7.00 48.00 65.00
1.00 1.00 65.00 73.00
1.00 3.00 77.00 88.00
1.00 0.00 102.00 112.00
1.00 5.00 122.00 132.00
1.00 1.00 143.00 153.00
1.00 9.00 159.00 177.00
1.00 6.00 190.00 207.00
1.00 2.00 208.00 222.00
1.00 0.00 225.00 232.00
1.00 5.00 10.00 24.00
1.00 5.00 24.00 40.00
1.00 4.00 50.00 56.00
1.00 9.00 56.00 62.00
1.00 2.00 102.00 116.00
1.00 2.00 116.00 127.00
1.00 8.00 131.00 142.00
1.00 0.00 166.00 177.00
1.00 9.00 183.00 193.00
1.00 7.00 285.00 299.00
1.00 5.00 299.00 311.00
1.00 2.00 0.00 14.00
1.00 0.00 16.00 27.00
1.00 6.00 29.00 38.00
1.00 1.00 39.00 55.00
1.00 1.00 73.00 89.00
1.00 8.00 105.00 120.00
1.00 2.00 127.00 138.00
1.00 4.00 138.00 149.00
1.00 9.00 177.00 183.00
1.00 4.00 235.00 244.00
1.00 1.00 251.00 256.00
1.00 5.00 270.00 280.00
1.00 4.00 282.00 291.00
1.00 0.00 0.00 16.00
1.00 6.00 16.00 29.00
1.00 1.00 31.00 39.00
1.00 2.00 60.00 74.00
1.00 4.00 79.00 85.00
1.00 0.00 85.00 91.00
1.00 4.00 121.00 130.00
1.00 0.00 149.00 159.00
1.00 7.00 206.00 223.00
1.00 8.00 223.00 229.00
1.00 9.00 230.00 248.00
1.00 2.00 256.00 267.00
1.00 9.00 267.00 285.00
==========
20	10	3

12  2 2 10 1 11 1 8 17 1 8 14 1 1 10 2 2 16 10 18 2 9 6 2 12 4 7 9 4 11 3 10 1 16 2 5 19 1 7 1 9 11 1 4 16 1 2 5 5 7 9 9 9 4 6 8 14 6 16

13  1 8 17 2 5 6 4 11 2 2 10 1 11 2 5 9 8 8 2 2 16 3 11 4 1 8 5 14 10 15 6 12 4 6 10 8 15 7 5 2 8 2 5 19 1 7 4 7 9 4 11 3 10 1 16 1 1 10 4 1 16 3 11 7 17 4 7 1 4 16 4 3 11 5 8 7 11 9 17

11  4 6 10 8 15 7 5 2 8 2 5 9 8 8 2 2 16 10 18 2 2 10 1 11 5 7 9 9 9 4 6 8 14 6 16 1 4 16 2 5 19 1 7 1 1 10 2 5 6 4 11 2 2 16 3 11 1 3 14

11  4 1 8 5 14 10 15 6 12 2 5 19 1 7 4 4 11 8 16 9 15 1 6 1 8 14 1 4 16 1 8 17 4 1 16 3 11 7 17 4 7 4 10 6 8 13 5 5 2 8 1 3 14 4 7 9 4 11 3 10 1 16 1 1 10

14  1 8 17 1 4 16 1 5 9 4 10 6 8 13 5 5 2 8 4 1 16 3 11 7 17 4 7 2 2 16 10 18 4 6 10 8 15 7 5 2 8 1 8 14 2 5 6 4 11 4 2 5 7 13 10 10 5 11 5 7 9 9 9 4 6 8 14 6 16 2 5 9 8 8 4 1 8 5 14 10 15 6 12 2 5 19 1 7

11  4 2 5 7 13 10 10 5 11 2 2 16 10 18 1 1 10 1 3 14 1 5 9 5 7 9 9 9 4 6 8 14 6 16 1 8 17 1 8 14 1 2 5 4 6 10 8 15 7 5 2 8 4 4 11 8 16 9 15 1 6

14  1 8 14 1 8 17 2 5 9 8 8 1 4 16 1 1 10 4 2 5 7 13 10 10 5 11 1 2 5 2 5 6 4 11 5 7 9 9 9 4 6 8 14 6 16 4 4 11 8 16 9 15 1 6 5 2 8 1 19 8 13 6 14 10 18 4 6 10 8 15 7 5 2 8 4 1 16 3 11 7 17 4 7 2 2 16 10 18

13  1 1 10 4 10 6 8 13 5 5 2 8 1 5 9 4 7 9 4 11 3 10 1 16 1 9 11 4 2 5 7 13 10 10 5 11 4 6 10 8 15 7 5 2 8 1 2 5 5 2 8 1 19 8 13 6 14 10 18 5 7 9 9 9 4 6 8 14 6 16 2 2 10 1 11 4 1 16 3 11 7 17 4 7 2 5 6 4 11 

11  1 8 17 1 2 5 1 1 10 1 4 16 2 5 6 4 11 4 7 9 4 11 3 10 1 16 5 2 8 1 19 8 13 6 14 10 18 1 9 11 2 9 6 2 12 2 2 10 1 11 2 5 9 8 8

12  1 4 16 4 4 11 8 16 9 15 1 6 1 3 14 4 2 5 7 13 10 10 5 11 1 9 11 5 7 9 9 9 4 6 8 14 6 16 2 5 6 4 11 4 1 16 3 11 7 17 4 7 2 2 10 1 11 2 2 16 3 11 4 1 8 5 14 10 15 6 12 1 1 10

10  1 9 11 1 5 9 5 2 8 1 19 8 13 6 14 10 18 1 4 16 4 4 11 8 16 9 15 1 6 2 5 9 8 8 4 7 9 4 11 3 10 1 16 1 3 14 1 1 10 4 1 16 3 11 7 17 4 7 

11  4 10 6 8 13 5 5 2 8 4 4 11 8 16 9 15 1 6 1 4 16 2 9 6 2 12 4 6 10 8 15 7 5 2 8 4 7 9 4 11 3 10 1 16 1 2 5 1 8 14 5 7 9 9 9 4 6 8 14 6 16 2 5 6 4 11 2 2 16 10 18

11  1 2 5 1 3 14 2 9 6 2 12 1 5 9 4 2 5 7 13 10 10 5 11 4 1 16 3 11 7 17 4 7 2 2 10 1 11 1 8 17 2 5 19 1 7 1 1 10 4 7 9 4 11 3 10 1 16

10  4 3 11 5 8 7 11 9 17 1 1 10 2 2 16 10 18 2 2 10 1 11 4 6 10 8 15 7 5 2 8 4 4 11 8 16 9 15 1 6 1 4 16 4 1 16 3 11 7 17 4 7 4 7 9 4 11 3 10 1 16 2 2 16 3 11

12  1 1 10 4 4 11 8 16 9 15 1 6 4 2 5 7 13 10 10 5 11 5 2 8 1 19 8 13 6 14 10 18 2 5 6 4 11 2 9 6 2 12 1 2 5 4 10 6 8 13 5 5 2 8 1 4 16 2 2 16 3 11 2 2 10 1 11 4 6 10 8 15 7 5 2 8

14  1 8 17 4 4 11 8 16 9 15 1 6 1 3 14 2 9 6 2 12 1 8 14 4 6 10 8 15 7 5 2 8 4 7 9 4 11 3 10 1 16 4 2 5 7 13 10 10 5 11 4 1 8 5 14 10 15 6 12 2 2 10 1 11 1 4 16 4 3 11 5 8 7 11 9 17 2 5 19 1 7 4 10 6 8 13 5 5 2 8

13  5 2 8 1 19 8 13 6 14 10 18 1 9 11 4 7 9 4 11 3 10 1 16 1 8 17 4 10 6 8 13 5 5 2 8 2 5 6 4 11 1 1 10 4 6 10 8 15 7 5 2 8 2 2 10 1 11 2 2 16 10 18 4 1 16 3 11 7 17 4 7 1 3 14 2 5 19 1 7 

11  5 2 8 1 19 8 13 6 14 10 18 5 7 9 9 9 4 6 8 14 6 16 2 5 6 4 11 4 10 6 8 13 5 5 2 8 1 3 14 4 3 11 5 8 7 11 9 17 1 9 11 2 2 10 1 11 4 2 5 7 13 10 10 5 11 1 8 14 4 1 8 5 14 10 15 6 12

13  1 3 14 2 2 10 1 11 4 7 9 4 11 3 10 1 16 2 2 16 10 18 2 2 16 3 11 4 4 11 8 16 9 15 1 6 4 1 16 3 11 7 17 4 7 4 2 5 7 13 10 10 5 11 4 10 6 8 13 5 5 2 8 2 5 9 8 8 1 2 5 4 6 10 8 15 7 5 2 8 1 5 9 

13  4 1 16 3 11 7 17 4 7 4 2 5 7 13 10 10 5 11 4 6 10 8 15 7 5 2 8 1 3 14 2 5 6 4 11 4 4 11 8 16 9 15 1 6 1 5 9 1 1 10 1 8 17 2 9 6 2 12 5 2 8 1 19 8 13 6 14 10 18 2 2 16 3 11 2 2 16 10 18



