1.00 1.00 16.00 21.00
1.00 5.00 22.00 33.00
1.00 1.00 36.00 41.00
1.00 7.00 41.00 51.00
1.00 6.00 53.00 62.00
1.00 0.00 62.00 70.00
1.00 7.00 77.00 85.00
1.00 9.00 85.00 104.00
1.00 9.00 104.00 113.00
1.00 9.00 113.00 118.00
1.00 6.00 120.00 125.00
1.00 4.00 125.00 136.00
1.00 5.00 51.00 62.00
1.00 9.00 63.00 72.00
1.00 5.00 75.00 80.00
1.00 1.00 89.00 100.00
1.00 2.00 103.00 115.00
1.00 3.00 115.00 126.00
1.00 12.00 126.00 137.00
1.00 8.00 137.00 150.00
1.00 7.00 157.00 165.00
1.00 3.00 172.00 182.00
1.00 9.00 184.00 201.00
1.00 9.00 218.00 223.00
1.00 1.00 233.00 244.00
1.00 12.00 0.00 11.00
1.00 0.00 30.00 39.00
1.00 6.00 62.00 71.00
1.00 5.00 80.00 85.00
1.00 5.00 85.00 98.00
1.00 8.00 127.00 137.00
1.00 2.00 138.00 146.00
1.00 8.00 150.00 157.00
1.00 7.00 165.00 181.00
1.00 2.00 194.00 206.00
1.00 1.00 212.00 217.00
1.00 3.00 8.00 19.00
1.00 8.00 19.00 32.00
1.00 4.00 86.00 101.00
1.00 1.00 105.00 110.00
1.00 8.00 117.00 127.00
1.00 5.00 130.00 141.00
1.00 2.00 146.00 152.00
1.00 5.00 164.00 175.00
1.00 8.00 177.00 196.00
1.00 7.00 199.00 207.00
1.00 7.00 223.00 233.00
1.00 5.00 0.00 11.00
1.00 9.00 18.00 23.00
1.00 9.00 23.00 34.00
1.00 9.00 34.00 47.00
1.00 2.00 49.00 55.00
1.00 0.00 55.00 62.00
1.00 12.00 62.00 73.00
1.00 1.00 100.00 105.00
1.00 7.00 125.00 141.00
1.00 1.00 148.00 167.00
1.00 9.00 177.00 184.00
1.00 0.00 184.00 193.00
1.00 4.00 214.00 224.00
1.00 9.00 224.00 243.00
1.00 0.00 0.00 15.00
1.00 6.00 22.00 31.00
1.00 2.00 31.00 49.00
1.00 8.00 51.00 70.00
1.00 6.00 79.00 87.00
1.00 0.00 100.00 106.00
1.00 6.00 109.00 120.00
1.00 1.00 172.00 177.00
1.00 3.00 197.00 204.00
1.00 12.00 204.00 215.00
1.00 4.00 224.00 239.00
1.00 1.00 26.00 31.00
1.00 6.00 31.00 42.00
1.00 0.00 46.00 55.00
1.00 9.00 58.00 63.00
1.00 7.00 67.00 77.00
1.00 0.00 85.00 100.00
1.00 6.00 104.00 109.00
1.00 7.00 109.00 125.00
1.00 5.00 141.00 154.00
1.00 4.00 166.00 181.00
1.00 3.00 182.00 190.00
1.00 12.00 190.00 201.00
1.00 9.00 201.00 218.00
1.00 0.00 232.00 239.00
1.00 7.00 0.00 10.00
1.00 5.00 11.00 22.00
1.00 1.00 62.00 78.00
1.00 1.00 78.00 84.00
1.00 2.00 85.00 97.00
1.00 8.00 98.00 107.00
1.00 12.00 114.00 125.00
1.00 6.00 125.00 130.00
1.00 6.00 130.00 143.00
1.00 0.00 150.00 156.00
1.00 5.00 185.00 190.00
1.00 4.00 203.00 214.00
1.00 1.00 217.00 233.00
1.00 6.00 11.00 22.00
1.00 3.00 39.00 46.00
1.00 3.00 68.00 78.00
1.00 9.00 118.00 123.00
1.00 9.00 123.00 132.00
1.00 3.00 143.00 156.00
1.00 3.00 156.00 164.00
1.00 2.00 170.00 182.00
1.00 3.00 190.00 197.00
1.00 5.00 208.00 213.00
1.00 0.00 216.00 225.00
1.00 9.00 0.00 5.00
1.00 4.00 11.00 26.00
1.00 8.00 32.00 51.00
1.00 0.00 70.00 85.00
1.00 3.00 87.00 98.00
1.00 0.00 106.00 112.00
1.00 7.00 141.00 157.00
1.00 2.00 164.00 170.00
1.00 5.00 175.00 180.00
1.00 6.00 187.00 202.00
1.00 6.00 202.00 217.00
1.00 3.00 224.00 234.00
1.00 1.00 0.00 16.00
1.00 9.00 47.00 58.00
1.00 3.00 60.00 68.00
1.00 8.00 107.00 117.00
1.00 4.00 151.00 166.00
1.00 0.00 166.00 175.00
1.00 1.00 177.00 183.00
1.00 1.00 183.00 188.00
1.00 2.00 206.00 224.00
1.00 2.00 236.00 242.00
1.00 9.00 5.00 18.00
1.00 4.00 56.00 71.00
1.00 8.00 88.00 98.00
1.00 3.00 98.00 105.00
1.00 2.00 115.00 123.00
1.00 1.00 142.00 148.00
1.00 6.00 154.00 159.00
1.00 1.00 167.00 172.00
1.00 5.00 190.00 203.00
1.00 7.00 207.00 223.00
1.00 0.00 225.00 232.00
1.00 3.00 19.00 26.00
1.00 1.00 31.00 36.00
1.00 3.00 53.00 60.00
1.00 6.00 71.00 79.00
1.00 8.00 79.00 88.00
1.00 2.00 97.00 103.00
1.00 5.00 114.00 119.00
1.00 5.00 119.00 130.00
1.00 2.00 130.00 138.00
1.00 7.00 181.00 191.00
1.00 7.00 191.00 199.00
1.00 1.00 51.00 62.00
1.00 2.00 67.00 85.00
1.00 6.00 87.00 96.00
1.00 5.00 98.00 103.00
1.00 12.00 103.00 114.00
1.00 4.00 136.00 151.00
1.00 8.00 157.00 167.00
1.00 4.00 192.00 203.00
1.00 3.00 211.00 224.00
1.00 2.00 224.00 236.00
1.00 2.00 0.00 18.00
1.00 4.00 41.00 56.00
1.00 8.00 70.00 79.00
1.00 3.00 79.00 87.00
1.00 1.00 110.00 126.00
1.00 0.00 127.00 135.00
1.00 3.00 136.00 143.00
1.00 9.00 146.00 159.00
1.00 8.00 167.00 177.00
1.00 2.00 182.00 194.00
1.00 5.00 203.00 208.00
1.00 12.00 226.00 237.00
1.00 6.00 0.00 11.00
1.00 4.00 26.00 41.00
1.00 1.00 41.00 46.00
1.00 3.00 46.00 53.00
1.00 1.00 84.00 89.00
1.00 12.00 89.00 100.00
1.00 7.00 101.00 109.00
1.00 0.00 112.00 127.00
1.00 9.00 132.00 146.00
1.00 5.00 159.00 164.00
1.00 9.00 172.00 177.00
1.00 4.00 181.00 192.00
1.00 8.00 196.00 209.00
1.00 5.00 213.00 224.00
1.00 3.00 0.00 8.00
1.00 2.00 18.00 30.00
1.00 7.00 30.00 38.00
1.00 6.00 42.00 53.00
1.00 9.00 72.00 85.00
1.00 4.00 116.00 125.00
1.00 3.00 126.00 136.00
1.00 12.00 137.00 148.00
1.00 5.00 154.00 159.00
1.00 6.00 159.00 168.00
1.00 0.00 193.00 209.00
1.00 8.00 209.00 228.00
1.00 8.00 228.00 241.00
1.00 5.00 33.00 51.00
1.00 5.00 62.00 75.00
1.00 7.00 85.00 101.00
1.00 5.00 103.00 114.00
1.00 1.00 126.00 131.00
1.00 1.00 131.00 142.00
1.00 2.00 152.00 164.00
1.00 5.00 180.00 185.00
1.00 1.00 188.00 207.00
1.00 1.00 207.00 212.00
1.00 6.00 217.00 232.00
1.00 8.00 0.00 19.00
1.00 1.00 21.00 26.00
1.00 3.00 26.00 39.00
1.00 0.00 39.00 46.00
1.00 2.00 55.00 67.00
1.00 4.00 101.00 116.00
1.00 2.00 123.00 129.00
1.00 0.00 135.00 150.00
1.00 9.00 159.00 172.00
1.00 0.00 175.00 184.00
1.00 3.00 204.00 211.00
1.00 12.00 215.00 226.00
1.00 6.00 232.00 240.00
1.00 4.00 0.00 11.00
1.00 0.00 15.00 30.00
1.00 12.00 30.00 41.00
1.00 1.00 46.00 51.00
1.00 7.00 51.00 67.00
1.00 4.00 71.00 86.00
1.00 6.00 96.00 104.00
1.00 3.00 105.00 115.00
1.00 6.00 143.00 154.00
1.00 0.00 156.00 164.00
1.00 3.00 164.00 172.00
1.00 6.00 172.00 187.00
1.00 0.00 209.00 216.00
==========
20	15	3

12  2 6 5 2 5 2 7 11 6 11 1 2 5 4 8 10 3 18 4 10 9 7 2 7 9 1 7 4 1 8 7 14 9 12 4 7 3 4 13 8 8 2 6 5 3 8 1 19 9 13 10 19 2 16 5 2 16 10 9 3 12 4 11 5 15 2 9 10 10 5 3 7 5 2 8 4 7 4 1 6 6 13 5 11 10 7

13  2 7 11 6 11 4 2 16 10 9 5 9 8 16 2 6 5 2 5 2 2 11 1 9 2 3 12 7 15 4 4 11 10 14 5 10 7 15 4 3 8 1 12 5 5 13 11 5 3 8 1 19 9 13 10 19 2 16 3 4 13 8 8 2 6 4 8 10 3 18 4 10 9 7 4 1 16 5 11 10 17 3 6 2 9 10 10 5 2 5 11 2 11

11  4 3 8 1 12 5 5 13 11 2 2 11 1 9 2 7 9 1 7 2 6 5 2 5 4 1 6 6 13 5 11 10 7 2 9 10 10 5 5 3 8 1 19 9 13 10 19 2 16 4 8 10 3 18 4 10 9 7 4 2 16 10 9 5 9 8 16 2 3 12 7 15 2 2 5 9 19

11  4 4 11 10 14 5 10 7 15 5 3 8 1 19 9 13 10 19 2 16 1 5 15 1 2 5 2 9 10 10 5 2 7 11 6 11 4 1 16 5 11 10 17 3 6 2 10 13 6 11 2 2 5 9 19 3 4 13 8 8 2 6 4 8 10 3 18 4 10 9 7

14  2 7 11 6 11 2 9 10 10 5 4 5 11 7 8 10 11 2 16 2 10 13 6 11 4 1 16 5 11 10 17 3 6 2 7 9 1 7 4 3 8 1 12 5 5 13 11 1 2 5 4 2 16 10 9 5 9 8 16 3 1 15 2 19 9 9 4 1 6 6 13 5 11 10 7 2 2 11 1 9 4 4 11 10 14 5 10 7 15 5 3 8 1 19 9 13 10 19 2 16

11  3 1 15 2 19 9 9 2 7 9 1 7 4 8 10 3 18 4 10 9 7 2 2 5 9 19 4 5 11 7 8 10 11 2 16 4 1 6 6 13 5 11 10 7 2 7 11 6 11 1 2 5 3 7 5 2 8 4 7 4 3 8 1 12 5 5 13 11 1 5 15 

14  1 2 5 2 7 11 6 11 2 2 11 1 9 2 9 10 10 5 4 8 10 3 18 4 10 9 7 3 1 15 2 19 9 9 3 7 5 2 8 4 7 4 2 16 10 9 5 9 8 16 4 1 6 6 13 5 11 10 7 1 5 15 4 7 13 10 19 6 18 4 8 4 3 8 1 12 5 5 13 11 4 1 16 5 11 10 17 3 6 2 7 9 1 7 

13  4 8 10 3 18 4 10 9 7 2 10 13 6 11 4 5 11 7 8 10 11 2 16 3 4 13 8 8 2 6 5 2 16 10 9 3 12 4 11 5 15 3 1 15 2 19 9 9 4 3 8 1 12 5 5 13 11 3 7 5 2 8 4 7 4 7 13 10 19 6 18 4 8 4 1 6 6 13 5 11 10 7 2 6 5 2 5 4 1 16 5 11 10 17 3 6 4 2 16 10 9 5 9 8 16

11  2 7 11 6 11 3 7 5 2 8 4 7 4 8 10 3 18 4 10 9 7 2 9 10 10 5 4 2 16 10 9 5 9 8 16 3 4 13 8 8 2 6 4 7 13 10 19 6 18 4 8 5 2 16 10 9 3 12 4 11 5 15 4 1 8 7 14 9 12 4 7 2 6 5 2 5 2 2 11 1 9 

12  2 9 10 10 5 1 5 15 2 2 5 9 19 3 1 15 2 19 9 9 5 2 16 10 9 3 12 4 11 5 15 4 1 6 6 13 5 11 10 7 4 2 16 10 9 5 9 8 16 4 1 16 5 11 10 17 3 6 2 6 5 2 5 2 3 12 7 15 4 4 11 10 14 5 10 7 15 4 8 10 3 18 4 10 9 7

10  5 2 16 10 9 3 12 4 11 5 15 4 5 11 7 8 10 11 2 16 4 7 13 10 19 6 18 4 8 2 9 10 10 5 1 5 15 2 2 11 1 9 3 4 13 8 8 2 6 2 2 5 9 19 4 8 10 3 18 4 10 9 7 4 1 16 5 11 10 17 3 6 

11  2 10 13 6 11 1 5 15 2 9 10 10 5 4 1 8 7 14 9 12 4 7 4 3 8 1 12 5 5 13 11 3 4 13 8 8 2 6 3 7 5 2 8 4 7 1 2 5 4 1 6 6 13 5 11 10 7 4 2 16 10 9 5 9 8 16 2 7 9 1 7

11  3 7 5 2 8 4 7 2 2 5 9 19 4 1 8 7 14 9 12 4 7 4 5 11 7 8 10 11 2 16 3 1 15 2 19 9 9 4 1 16 5 11 10 17 3 6 2 6 5 2 5 2 7 11 6 11 5 3 8 1 19 9 13 10 19 2 16 4 8 10 3 18 4 10 9 7 3 4 13 8 8 2 6 

10  2 5 11 2 11 4 8 10 3 18 4 10 9 7 2 7 9 1 7 2 6 5 2 5 4 3 8 1 12 5 5 13 11 1 5 15 2 9 10 10 5 4 1 16 5 11 10 17 3 6 3 4 13 8 8 2 6 2 3 12 7 15

12  4 8 10 3 18 4 10 9 7 1 5 15 3 1 15 2 19 9 9 4 7 13 10 19 6 18 4 8 4 2 16 10 9 5 9 8 16 4 1 8 7 14 9 12 4 7 3 7 5 2 8 4 7 2 10 13 6 11 2 9 10 10 5 2 3 12 7 15 2 6 5 2 5 4 3 8 1 12 5 5 13 11

14  2 7 11 6 11 1 5 15 2 2 5 9 19 4 1 8 7 14 9 12 4 7 1 2 5 4 3 8 1 12 5 5 13 11 3 4 13 8 8 2 6 3 1 15 2 19 9 9 4 4 11 10 14 5 10 7 15 2 6 5 2 5 2 9 10 10 5 2 5 11 2 11 5 3 8 1 19 9 13 10 19 2 16 2 10 13 6 11

13  4 7 13 10 19 6 18 4 8 5 2 16 10 9 3 12 4 11 5 15 3 4 13 8 8 2 6 2 7 11 6 11 2 10 13 6 11 4 2 16 10 9 5 9 8 16 4 8 10 3 18 4 10 9 7 4 3 8 1 12 5 5 13 11 2 6 5 2 5 2 7 9 1 7 4 1 16 5 11 10 17 3 6 2 2 5 9 19 5 3 8 1 19 9 13 10 19 2 16

11  4 7 13 10 19 6 18 4 8 4 1 6 6 13 5 11 10 7 4 2 16 10 9 5 9 8 16 2 10 13 6 11 2 2 5 9 19 2 5 11 2 11 5 2 16 10 9 3 12 4 11 5 15 2 6 5 2 5 3 1 15 2 19 9 9 1 2 5 4 4 11 10 14 5 10 7 15 

13  2 2 5 9 19 2 6 5 2 5 3 4 13 8 8 2 6 2 7 9 1 7 2 3 12 7 15 1 5 15 4 1 16 5 11 10 17 3 6 3 1 15 2 19 9 9 2 10 13 6 11 2 2 11 1 9 3 7 5 2 8 4 7 4 3 8 1 12 5 5 13 11 4 5 11 7 8 10 11 2 16

13  4 1 16 5 11 10 17 3 6 3 1 15 2 19 9 9 4 3 8 1 12 5 5 13 11 2 2 5 9 19 4 2 16 10 9 5 9 8 16 1 5 15 4 5 11 7 8 10 11 2 16 4 8 10 3 18 4 10 9 7 2 7 11 6 11 4 1 8 7 14 9 12 4 7 4 7 13 10 19 6 18 4 8 2 3 12 7 15 2 7 9 1 7 

